86.3751703017159 8.9663443022945 3336087981421348480 0.412 0.0578 15.5319 0.0011
86.3921517744167 8.9696414304041 3336088088795172224 -0.2774 0.5693 19.6127 0.006
86.4010033960774 8.9849712316621 3336088123156207744   20.6933 0.0122
86.3814621031361 8.9744694958623 3336088088796477568 -0.0109 1.2782 20.6523 0.0128
86.3827954203472 8.9738997973572 3336088088796477440   20.9905 0.0158
86.4068158450158 8.9753991536274 3336088050140833152 0.304 0.1914 18.2247 0.0024
86.3872012841611 8.9736227533197 3336088084500570240 0.1222 0.2749 18.7552 0.0032
86.3834384180334 8.9766101059611 3336088084500572288 0.3761 0.1899 18.2709 0.0029
86.3973697634246 8.9780436327864 3336088118861419520 0.0686 0.1551 17.4705 0.0016
86.394726089253 8.9828782350391 3336088123157541248 3.6449 0.8977 20.411 0.0113
86.4005782004296 8.9777733481642 3336088118860312192 1.2724 0.3317 19.051 0.0039
86.3893463378329 8.9785759222566 3336088118860312448 0.3627 0.7957 20.055 0.0083
86.3981168444596 8.9792861620934 3336088123157296384 0.0912 0.0462 15.335 0.0008
86.4054198748145 8.9753737980983 3336088054437819392 0.654 0.1338 17.5312 0.0018
86.3908860642633 8.981760012145 3336088123157297280 0.4619 0.1265 17.5238 0.0015
86.4204593457766 8.9934241245728 3336088531177184512 0.3867 0.3361 19.0575 0.0043
86.4114413112051 8.9931184208698 3336088496817446272 0.6372 0.1918 18.2869 0.0024
86.4024468709926 8.9924265544473 3336088496817445248 1.6397 0.9117 20.4677 0.0108
86.416667483148 8.9834027546119 3336088428097963136 0.6913 0.1845 18.2344 0.0025
86.4203540210711 8.9819510417966 3336088432393848576 -0.4657 1.1955 20.6888 0.0115
86.4159933723455 9.0001669414399 3336088531177187840 0.1272 0.2427 18.6932 0.0037
86.4153925504438 8.9795921178998 3336088428098024704 0.5878 0.4822 19.5855 0.0062
86.4093650975453 8.9907906290383 3336088501112022912   20.9936 0.0178
86.4197120121175 8.9798884902396 3336088428097959552 0.6431 0.3441 19.0143 0.0044
86.4165907529122 8.9805869380716 3336088428097960320 0.525 0.3022 18.8964 0.004
86.4068022678519 8.9947758965256 3336088501112022272 -1.4399 0.968 20.5086 0.013
86.4191963004573 8.9893764179343 3336088466753584128 -0.4254 1.0788 20.5538 0.012
86.4104610529476 8.978423436614 3336088432394940544 0.1071 0.0862 16.6757 0.0011
86.4173088130493 9.0036657382669 3336088535473057408 -0.5983 0.9413 20.4838 0.0093
86.4051250677314 8.9861975623852 3336088496817441408 0.8557 0.3822 19.2862 0.0049
86.4293490711662 9.00636939734 3336088634261040768 -0.0684 0.8602 20.3428 0.0082
86.4432296975333 9.0162549544622 3336088668616148992 0.7938 0.1558 17.6474 0.0015
86.4455195477927 9.0188615037548 3336088668616149760 -0.4537 0.7401 20.3267 0.0084
86.4318701969513 9.0185429697321 3336088672910701824 1.3043 0.6875 20.0548 0.0066
86.4400416371123 9.0056453435277 3336088569832789376 1.1235 0.8558 20.4983 0.0113
86.4378247912266 9.0186019473798 3336088672913312640 0.4256 0.0664 16.2408 0.0009
86.4306158579299 9.004163441427 3336088638553365760 0.4208 0.0616 16.0764 0.0009
86.4235761896043 9.0098757862479 3336088638552269440   20.7036 0.016
86.3393397965382 8.9776698379458 3336088775989952512 -1.5959 1.2917 18.9682 0.0085
86.3502386043731 8.9766369461775 3336088810349688576 0.3783 0.6687 20.1296 0.0088
86.3579712220987 8.9841984681291 3336088806055085696 0.9328 0.3568 18.978 0.0036
86.3546688655987 8.9862651046798 3336088806055086592 0.6587 0.5492 19.6143 0.0065
86.3646570145505 8.9700598182175 3336088737335596160 0.406 0.1662 17.6266 0.0019
86.3518932146732 8.9701248886316 3336088771695334272 1.1921 0.1968 18.223 0.0029
86.3399326049115 8.9781433583926 3336088775992331520 1.1026 0.0835 13.7256 0.0005
86.364048398705 8.976847631927 3336088737335601408 1.9921 0.6058 19.756 0.0064
86.3682633958221 8.9696816653267 3336088737335594752 -0.6546 0.5038 19.3538 0.0057
86.3709410542349 8.9721756930416 3336088737335597568 0.9771 0.4622 19.3129 0.0063
86.3609227204063 8.970167793997 3336088741630211328 0.2689 0.4441 19.4532 0.007
86.3776134294395 8.9786189388432 3336088840414818304 0.4755 0.3976 19.3149 0.0051
86.3559181996944 8.9917602086654 3336088913430200448 1.0044 1.0391 20.4525 0.0133
86.3546949489432 8.9895904481993 3336088913430201600   20.7855 0.02
86.3639997150259 8.9852682432761 3336088913428894848 1.3901 0.9412 20.4557 0.0111
86.3616539781241 8.9943033354607 3336088909134307200 0.2572 0.543 19.3155 0.0057
86.381896213107 8.9932040244764 3336088874774567808 0.8151 0.3734 18.9279 0.004
86.37569360506 8.9838238417514 3336088840414823168 1.059 0.5498 19.7864 0.0053
86.3604739840439 8.9885045113771 3336088909134303104 1.1818 1.3729 20.4608 0.0123
86.3738970857336 8.9952139532454 3336088943494046720 0.3236 0.1026 17.0584 0.0013
86.3692702892558 8.9886630220416 3336088913430197120   20.6244 0.0121
86.3887478067969 8.987947507283 3336088879070453888   20.7249 0.0138
86.3935168143924 8.9908977678937 3336088879069147520 -0.3123 0.6286 19.833 0.0064
86.3754934842386 8.9762020726601 3336088844710723072 0.6601 1.0387 20.4729 0.0128
86.3851566750387 8.9847941273268 3336088879071541632 0.3064 0.2282 18.3707 0.003
86.3715471748624 8.9868651083223 3336088909134302464 0.4512 0.1218 17.016 0.0012
86.376463549289 8.9722016556092 3336088844711805440 0.49 0.056 15.8697 0.0009
86.3721779729401 8.9819872997259 3336088840414821888 0.2719 0.1948 18.3128 0.0029
86.3302885494722 9.0055283379792 3336089085227588864 -1.1091 0.8934 20.4256 0.0124
86.3477874536359 8.9928488796082 3336089016508111360   19.1692 0.008
86.3478973114342 8.9925777394285 3336089012213521152 0.2702 0.1485 17.3405 0.0016
86.3167582150177 8.9962485214877 3336089050869162880 2.5351 1.4471 20.7776 0.0133
86.3307935387893 8.9864792156053 3336088982150198656   20.8612 0.0228
86.3281673108385 8.9876607979214 3336089046573256064 0.0138 0.4082 19.1637 0.0047
86.363914328525 9.0162338695741 3336089149652486016 -0.3642 0.4569 19.3792 0.0051
86.3621185303986 9.0126687480962 3336089149652484608 0.1237 0.1101 16.8562 0.0012
86.358482611666 9.0010642743187 3336089115292740352 0.3977 0.2468 18.2269 0.0026
86.3469905078648 9.0059466998176 3336089184012219520 0.4042 0.2015 18.4038 0.0026
86.3489767233511 9.0023088965319 3336089119589711616 0.1846 0.1092 17.1572 0.0012
86.3476737515814 9.0220463002511 3336089222668924544 0.4913 0.0487 15.5088 0.0007
86.3612761224136 8.9971833164974 3336089115292739072 -0.3336 0.3 18.9663 0.0036
86.3565250479647 9.0029924024443 3336089115292740992 0.2383 0.3656 18.6385 0.0034
86.3685229934539 9.0034784008753 3336089149652479488 1.3185 0.4679 19.5711 0.0056
86.3633992874601 8.9994481619877 3336089153948363904   20.8266 0.0155
86.3605234010587 9.0076539831327 3336089153948362624   20.7588 0.0157
86.3679418450244 9.0058341715608 3336089149652481024 0.5675 0.2953 18.9371 0.0042
86.3641523975734 9.0030054283367 3336089153949448704 0.6834 0.1107 17.0192 0.0013
86.3993155709034 9.0227003145499 3336089355810919040 1.0938 0.3503 18.9975 0.0041
86.391537932366 9.0132025630593 3336089355810914688 0.336 0.4898 19.573 0.0067
86.3921075249153 8.9942184683005 3336089257027573504   20.9876 0.0195
86.380489574771 9.003959665152 3336089321451171840 0.5356 0.2628 18.6322 0.0035
86.4039427179414 9.0166639171453 3336089360106777856 2.4071 1.1328 20.5719 0.0131
86.3969043507255 9.0107772135059 3336089355810913792 0.731 0.4391 19.3531 0.005
86.3922367833961 9.0111897276064 3336089321451175680 0.0647 0.2891 18.7116 0.0038
86.387758610364 9.0108147712968 3336089321451175808 0.6561 0.1207 17.2736 0.0014
86.3791457714579 9.0079716602195 3336089321451174016 0.1378 0.2258 18.5586 0.003
86.3826134332281 9.0081649222932 3336089321451174272 -0.0308 0.2383 18.5005 0.0028
86.3837916108142 9.0008047625218 3336089325747050880   20.9351 0.0204
86.3970660837388 9.0186998081423 3336089360105478400 0.1733 0.522 19.4849 0.0052
86.3964487290662 8.9987989119627 3336089257027571456   20.8847 0.0175
86.4008945426747 8.9984656138964 3336089252731693056 0.1324 0.7288 20.0819 0.0076
86.3926035775455 9.0111663738601 3336089325745742464   20.5133 0.0144
86.3959742103843 8.9953754516504 3336089252731691392 0.4634 0.4153 19.3913 0.0054
86.4005565132091 9.0127558949757 3336089360107873536 -0.0233 0.5355 19.6967 0.0066
86.3983569914275 9.0196276510504 3336089360107872768 0.448 0.0559 15.7481 0.0008
86.3963210482908 9.0198144085521 3336089360107873152 0.9157 0.0897 16.3891 0.001
86.422273024051 9.0205269221791 3336089390170656768 0.5837 0.1169 17.3093 0.0015
86.4308517999692 9.0303329989216 3336089424530398720 0.1104 0.4145 19.2558 0.0046
86.4220393007654 9.031414093845 3336089493249875840 2.8113 0.6096 20.0831 0.0079
86.4373183604469 9.0267895320911 3336089424530397312 0.6526 0.3788 19.1908 0.0043
86.4213352819761 9.0127984566003 3336089390170652800 -2.8585 0.6934 18.4016 0.0116
86.4208789133677 9.0330453621621 3336089493249876864 0.5245 0.8841 20.1185 0.007
86.4397436652605 9.0271247601299 3336089428824942208 1.1795 0.4906 19.7575 0.0058
86.4143956237588 9.0335910128621 3336089497545724288 0.8562 1.1797 20.4715 0.0134
86.4088337787641 9.0267581252945 3336089463185989504 2.7005 1.0477 20.5621 0.0107
86.4160051471577 9.0371243796654 3336089497545722496   20.8026 0.0172
86.4219127839348 9.0206884780018 3336089394467609216   18.9366 0.0063
86.4162500022574 9.0352290329293 3336089497545722752 -0.6672 1.3523 20.8378 0.0132
86.3681508870489 9.039862937127 3336089630688832896 0.7722 0.1887 17.3483 0.004
86.3570927185181 9.0254307229267 3336089596329088640 1.4215 0.3311 19.0839 0.0047
86.3557724568337 9.0262963409875 3336089596329088768 -0.2859 0.3711 19.2417 0.0042
86.3853665662288 9.0209754487931 3336089561969348736 1.0246 0.3256 18.9345 0.0039
86.3611702819641 9.0222084509159 3336089596329087360 1.0085 0.1564 17.6954 0.0021
86.3726548293852 9.0149592336501 3336089527609607680 0.5054 0.0826 15.5436 0.0011
86.3770621881635 9.0187611035697 3336089527609609856 0.168 0.1236 16.5321 0.0011
86.3765310666891 9.0208459706562 3336089527609609984 -0.0419 0.1897 17.8803 0.0021
86.3575987444714 9.0253396788957 3336089600624957440   20.7773 0.0145
86.3856175961552 9.0316440765392 3336089566263907200 -0.4868 1.0813 20.2225 0.0094
86.3787295131669 9.0220721079585 3336089531904172800 0.0978 0.5757 19.4539 0.0058
86.3805635785498 9.032100403396 3336089566266552320   20.6869 0.0193
86.3712214339123 9.0386021014698 3336089634984687744 0.3558 1.2086 20.7389 0.013
86.3687146517116 9.035057251147 3336089634985781120 0.8139 0.0555 15.7379 0.001
86.3837637979261 9.0313577303747 3336089566266303232 0.961 0.0797 16.5026 0.0009
86.3702564336394 9.0291984872221 3336089600626043392 0.3104 0.1075 11.0417 0.0042
86.409640874435 9.0511138214387 3336089703705252096 4.1972 0.0626 15.3498 0.0008
86.3994915108763 9.0296598256571 3336089665048566784 -0.0857 0.7186 19.7665 0.0057
86.4090736798729 9.037983903989 3336089699408308736 2.8867 0.4979 18.2481 0.0133
86.4095869382583 9.0501567839661 3336089699409389440 4.0235 0.1747 17.8959 0.0019
86.4101430991975 9.0497285401184 3336089703702849792 -0.3488 0.5756 19.7035 0.0059
86.3990487554047 9.0523737590951 3336089772424729472 -0.0605 0.4001 19.133 0.0038
86.392735540974 9.0503289383406 3336089772424730624 0.6581 0.1518 17.6369 0.0017
86.3803673600033 9.0503044610766 3336089738063897088   20.6604 0.0134
86.3074899953297 9.0197985412011 3336092108885873408 2.215 1.567 20.8011 0.0162
86.318499630594 9.0166915259604 3336092035870509312 0.535 0.1544 17.4778 0.0017
86.3091257711255 9.0169918898625 3336092104594614016 0.6075 0.4033 19.3563 0.0061
86.3095376814107 9.0259669403078 3336092108885871872   20.8112 0.0155
86.3091778274592 9.0158078410681 3336092108884571648 -0.3193 0.7092 20.1736 0.0086
86.3203863237173 9.0106476460278 3336092035870506624 1.069 0.6334 19.5485 0.0067
86.3101400030823 9.0064977859284 3336092005805357696 -0.7605 0.604 19.7867 0.0058
86.3280839191776 9.0064039819437 3336092040167474304 0.1602 0.1068 17.0991 0.0016
86.3053685785356 9.0167020354638 3336092108887192832 0.9493 0.084 16.7209 0.0009
86.3082444002086 9.0171880624457 3336092108886952064 0.5307 0.5243 19.7124 0.0068
86.3141845832987 9.0050066612408 3336092040167475968 0.5306 0.1376 17.6195 0.0017
86.31073548219 9.004487618594 3336092005807737984 0.6885 0.107 17.2269 0.0016
86.3213957539427 9.008737832185 3336092040166882560 -1.8736 1.2323 20.5358 0.012
86.2992238227545 9.0154854060864 3336092074524834560 0.7735 0.6095 19.9503 0.0092
86.3221123233242 9.0102034990834 3336092040167474816 0.7735 0.5129 19.0872 0.0037
86.3355263519704 9.0385947234005 3336092242028588800 0.9324 0.4322 14.0695 0.0006
86.3338551205616 9.014348582646 3336092138949722880   19.7114 0.0111
86.3356101923308 9.0306238884748 3336092173309468032 1.4531 0.3849 19.2792 0.0051
86.3276149720607 9.0212193678488 3336092143245606016   20.8742 0.0178
86.3342097910696 9.0370581926673 3336092242028949376 0.7779 0.0694 16.1589 0.0008
86.328485607365 9.0284036803471 3336092211965079808 -1.4086 0.8731 20.2625 0.0126
86.337422777625 9.0169158670833 3336092143245604736   20.814 0.0175
86.3312115724776 9.0401978808309 3336092246324814336 -0.6195 1.0108 20.5408 0.0109
86.3402456206967 9.0283445867793 3336092177605867520   20.7159 0.0171
86.3265791452285 9.0309227175336 3336092246325313024   20.8898 0.017
86.3350404287387 9.0403786447105 3336092246325900160 0.6236 0.1644 17.5096 0.0017
86.3468156159095 9.030619215391 3336092177606423296 0.3195 0.054 15.775 0.0007
86.3277138754044 9.0277964915305 3336092211966164224 0.0782 0.07 16.2828 0.0008
86.3333573729796 9.0343430117426 3336092242028946944 -0.5339 0.3634 19.1161 0.0064
86.3402889549315 9.0274500253202 3336092177606723712   20.8649 0.025
86.3137137926609 9.0301583524705 3336092211965084160 -0.5835 0.7571 20.2296 0.0105
86.2964614654466 9.0223725697519 3336092310748418560 0.282 0.2734 18.7725 0.0036
86.2970843692149 9.0187024907226 3336092310748416640 0.2076 0.3537 19.1551 0.0054
86.3035265872237 9.0292011426049 3336092310748420864 0.6599 0.2649 18.7319 0.0044
86.3009510886256 9.0280612161983 3336092315044303232   20.9204 0.0193
86.2927242193561 9.0384167119334 3336092379467901568 0.7091 0.1524 17.7226 0.0022
86.2952926812346 9.0384163854041 3336092379467902208 0.7851 0.2609 18.7636 0.0034
86.3030045532601 9.0224318178545 3336092315042996480 -1.0915 1.1013 20.3892 0.01
86.2955588452188 9.0400317163063 3336092482547117184 0.8168 0.1513 17.8158 0.002
86.3192798623008 9.0408740713758 3336092448187379968 0.5588 0.0751 16.2494 0.0012
86.3228898672909 9.0460811443293 3336092448187382784 0.2745 0.36 19.1095 0.0047
86.3173915486225 9.0478329654531 3336092448187383552 0.8288 1.5166 20.676 0.0154
86.3066363119264 9.036838169662 3336092413827639552 0.5451 0.7737 19.7205 0.0075
86.2954849935057 9.0421390690705 3336092486842993280 1.6403 0.9496 20.4888 0.0113
86.3119397029132 9.0440114040132 3336092452481944192 1.5459 0.5041 19.4713 0.0063
86.3052508992746 9.0481985063271 3336092486841683072 -0.5307 0.8672 20.1034 0.0092
86.3057911076424 9.0590395291034 3336092516906866688   19.6593 0.0137
86.3099336976074 9.0314144383504 3336092418124595584 0.6721 0.0802 16.3691 0.0009
86.3084589197372 9.0277418894559 3336092418124596096 0.7366 0.2383 18.6313 0.0036
86.3216073040121 9.0530144950938 3336092448188458112 0.3565 0.1917 18.3147 0.0023
86.3077973005471 9.0460254713924 3336092486844071040 0.6262 0.0796 16.159 0.0009
86.3226534598714 9.0521538819468 3336092452484330112 3.1743 0.0516 15.4932 0.0007
86.3111657994709 9.0437131907447 3336092418124594176 0.3486 0.146 17.5634 0.0018
86.2926554550065 9.0425354857883 3336092482547118720 -0.1618 0.581 19.9051 0.0083
86.3014549942112 9.0509555768983 3336092482547123584 0.61 0.1395 17.5573 0.002
86.347378786238 9.0357164268093 3336092551266592768 0.0656 0.2116 18.3812 0.0025
86.3586146620822 9.0354455495223 3336092551266592512 0.2766 0.139 17.674 0.0018
86.3484016137823 9.0447529072832 3336092619986073728 -0.3876 1.0225 20.621 0.0135
86.3334815912422 9.0456440106777 3336092619986074368 -0.4424 0.906 19.8119 0.009
86.3673911330771 9.0475372167238 3336092585626336896 0.2339 0.5967 19.8009 0.0072
86.3398542344549 9.0477331004205 3336092624281932160 1.1809 0.9299 20.4736 0.0102
86.3495794089343 9.0612861162068 3336092658640361472 2.2352 0.5394 19.7089 0.0058
86.3587868875446 9.0394133612038 3336092555562452608 1.4605 0.7851 20.3456 0.0093
86.3564089323247 9.0559191286044 3336092658641662976 0.6339 0.9823 20.5702 0.0113
86.3572386983806 9.0316896432599 3336092555561151616 -0.0088 0.5862 19.9487 0.0073
86.3609908315762 9.0548953834201 3336092658641661952 1.8912 1.113 20.4551 0.0104
86.3595422879811 9.0380417304002 3336092555562452864   21.1321 0.026
86.3463238820356 9.044985783481 3336092619988908800 0.8647 0.5839 19.8556 0.0064
86.3554062095054 9.0497558911654 3336092654345815040 0.9304 0.4898 19.4182 0.006
86.3734240016215 9.0775034334997 3336092796080605696 -0.3859 0.9493 20.4695 0.0116
86.3721414141008 9.0788844079415 3336092796079303552 -0.3622 0.5493 19.8404 0.0058
86.3711857432834 9.0779595517528 3336092796081136256   20.771 0.0206
86.3571301599398 9.0630788342279 3336092761719574656 0.2969 0.4556 19.4985 0.0058
86.3669092775493 9.0602046492877 3336092761721388416   20.5971 0.0166
86.3685454886975 9.0772965780725 3336092796080607232   20.9077 0.0284
86.3720301570381 9.06686012638 3336092761720870784 -0.1406 1.2831 20.7483 0.0146
86.370075760392 9.077722671409 3336092796080606336 0.9476 1.2527 20.7357 0.0114
86.3687056259904 9.070550359286 3336092796079309440 -0.2659 0.7264 20.2054 0.0082
86.3665540046209 9.0549862902442 3336092688705557120 0.888 0.4772 19.4553 0.0056
86.3739864058032 9.0603059269386 3336092688705559552 0.5653 0.2932 18.7766 0.0031
86.3461529325161 9.0613603425893 3336092860504289280 1.4407 0.6544 19.8724 0.0075
86.3431875868996 9.0700823016129 3336092864798790144 2.4029 0.0497 9.2208 0.0016
86.3304086835077 9.0562581199594 3336092830441451008 2.1475 0.1652 17.3566 0.0023
86.3290113699371 9.0482774609681 3336092826144506112 0.5497 0.1956 18.3103 0.0024
86.3351224741042 9.0527245662651 3336092830440361984 -0.2133 0.9582 20.4131 0.009
86.333820080419 9.0581398859788 3336092830440361344 -2.6099 1.6674 20.7219 0.0154
86.327536751308 9.0644575623274 3336092899159837824 0.8004 0.8418 20.159 0.0078
86.3402279830673 9.0603990650015 3336092860504277632 0.3476 0.1636 17.6404 0.0018
86.3374151261887 9.0719390397027 3336092929224795392 1.617 0.7302 19.9694 0.0086
86.3412659781053 9.0740193791824 3336092860505318784 -2.1895 0.976 20.391 0.0105
86.328721675339 9.0714896717371 3336092929223752448 0.9423 0.5261 19.758 0.0078
86.3185510188371 9.0577646959467 3336092899159841792   20.7174 0.0128
86.3401761663644 9.0565312941266 3336092860504285184 0.6084 0.4133 19.2937 0.0048
86.3328480424097 9.0548741666169 3336092826144510208 0.0536 0.3825 19.2836 0.0052
86.3211807515792 9.0584118049678 3336092894863988480 0.3184 0.5933 19.9771 0.0072
86.3346693256993 9.0832787561423 3336093032302969216 1.5205 0.0625 15.5815 0.0014
86.3527788369478 9.0657485737978 3336092963584534016 0.0894 0.8726 20.3811 0.0103
86.3612440876083 9.075054501028 3336092963584534144   21.0345 0.0226
86.3487996842072 9.0888229821106 3336093070958515968   20.7331 0.0186
86.3524304878959 9.0997460423996 3336093070959612288 0.3051 0.0803 16.6482 0.001
86.3572434530262 9.0933956215118 3336093070958512512 1.4106 1.4333 20.7619 0.0147
86.3544965850951 9.0938039661619 3336093070958512896 1.9229 1.5793 20.6748 0.0128
86.2990668791338 9.0644388413791 3336093272821113344 0.5141 0.2336 18.4347 0.0032
86.3039202738565 9.0647210474936 3336093277116965504 -2.6306 1.3501 20.5253 0.0121
86.2929891335534 9.0682899495327 3336093277116967424   20.9091 0.0185
86.2991889945024 9.060347907894 3336093272821111680   19.28 0.0043
86.3044563185629 9.0770405362295 3336093650778238976 0.4 0.2484 18.5556 0.0031
86.3176040107059 9.0776481167841 3336093685137977472 1.7903 0.6974 19.912 0.0064
86.3219319485701 9.0775058809724 3336093685137977728 0.2025 0.5177 19.3222 0.0056
86.3066159420724 9.0821746302944 3336093719497716736 0.2325 0.3448 19.0018 0.0042
86.3052098908796 9.0923582308004 3336093753857457792 0.9026 0.587 19.3607 0.0069
86.309041472088 9.0660316759158 3336093650778236288 1.1383 0.4904 19.4749 0.0056
86.3079040503249 9.0789576246655 3336093650777861504 0.3029 0.0561 12.417 0.0005
86.3049126640202 9.0697111895163 3336093650778237952 0.1685 0.0614 16.0317 0.0009
86.3073885071531 9.0843142489427 3336093719497717376 1.2597 0.2992 18.9178 0.0041
86.3087292246961 9.0731459396692 3336093655072779776 0.4697 0.5165 19.6647 0.0059
86.325672176751 9.0811174843286 3336093685137996800 0.7507 0.198 18.0413 0.0019
86.3038279002326 9.0871255104833 3336093723794647680 -0.1912 0.1787 17.8309 0.0022
86.3328622039501 9.0887819458693 3336093788219975552 -0.0248 0.7106 19.9201 0.0073
86.3116986590652 9.1040934027236 3336093856936674432 0.2634 0.9537 20.4069 0.01
86.3302664440774 9.085124881653 3336093788217223680 -0.3678 0.4464 19.3685 0.0057
86.3397778168147 9.0960078242863 3336093826873858304 2.7038 0.118 15.3496 0.0022
86.4520335134435 9.0275153384174 3336182509357874048 0.093 0.8956 20.4482 0.0125
86.4463277041848 9.0220626351853 3336182509357875968 1.4882 1.2093 20.8526 0.0136
86.4551245206392 9.0355465845642 3336182539420197504 0.3034 0.187 18.2873 0.0021
86.4470865526438 9.0270564288129 3336182505067701376 0.463 0.1676 18.1023 0.0021
86.4481778212701 9.026723076685 3336182509358819840 0.4167 0.1992 18.4101 0.0026
86.4559843571776 9.0363937582417 3336182543717608576   20.9485 0.0198
86.4531249325302 9.035907910525 3336182543717609216   20.7447 0.0161
86.4431951332729 9.0479265456772 3336183295337368576 0.0976 0.7268 20.1249 0.0075
86.4217080360623 9.0447306740287 3336183333991596928   20.6437 0.0128
86.4393940988856 9.0544814715324 3336183368351328512 1.5477 0.7883 20.3354 0.0093
86.4510837098361 9.0375313898676 3336183295334441984 1.114 0.5321 19.9589 0.0056
86.4451125992449 9.0318027888494 3336183265270863360 0.494 0.7818 20.3084 0.0089
86.4380288980545 9.0341002707925 3336183265273058048 0.0208 0.1022 17.1001 0.0013
86.4460933760061 9.0458583249932 3336183299632794240 0.8954 0.0792 16.3515 0.0015
86.4265739822442 9.0404358379587 3336183329694180736 1.9908 0.1831 16.8933 0.0015
86.454091450939 9.0600185908299 3336183467133138176 0.5965 0.3996 19.2212 0.0051
86.4573276597995 9.0548587871497 3336183398413660160 0.4819 0.1745 18.1585 0.0022
86.4500322987104 9.0729279098241 3336183471430535808   20.8369 0.0219
86.4020867303225 9.0662254959127 3336183604572093440 -0.8559 0.4845 19.157 0.0102
86.4274512894781 9.0680386510695 3336183570212355456 0.2396 0.3291 19.1392 0.0039
86.4249636150436 9.0664634429465 3336183570212354816 3.0291 1.2392 20.5553 0.0111
86.4139553482682 9.0650899699673 3336183604572092416 -0.3406 0.2272 18.394 0.0027
86.4284196806177 9.065684067979 3336183570212354432 -0.4491 0.7393 20.2742 0.0086
86.4294976875026 9.0638777445693 3336183570212353792 0.495 0.2795 18.8452 0.0036
86.4068443792289 9.0561496563299 3336183604572090752 0.9125 0.9207 20.4719 0.0109
86.4201012582101 9.0498428961961 3336183535852612608 -0.1565 0.2258 18.3789 0.0023
86.4140106097206 9.079362652333 3336183638931834624 0.3788 0.3335 19.1296 0.0034
86.4020247458436 9.0660951141875 3336183608868231168   19.74 0.0082
86.4316045527681 9.0669226828489 3336183570212355328 -0.5976 0.3912 18.7074 0.0043
86.4152120572003 9.0791046135589 3336183638932401280 0.7341 0.4664 19.3798 0.0044
86.4265045587318 9.0650109577956 3336183574508486528 0.1581 0.6081 19.9124 0.0057
86.446403714758 9.0746792813866 3336183677589912192 1.3029 0.0722 16.4003 0.0009
86.4441918126085 9.0895565589521 3336183780669125888 0.546 0.0664 15.7199 0.001
86.4429355541524 9.0745041875473 3336183673294489216 1.3895 1.1141 20.5369 0.0117
86.4352010065399 9.0756272468203 3336183677589913344 1.1567 0.0475 14.9051 0.0005
86.4420560251608 9.0749367422799 3336183677589912704 1.5122 0.4293 19.4627 0.009
86.4235132108452 9.0849234066663 3336183746309390208 1.1879 0.0917 16.4597 0.0012
86.4355348725834 9.0788482010709 3336183677588969088 -1.459 0.9265 20.1913 0.0079
86.4398735719804 9.0946733909477 3336183780668176640 -2.1044 1.5125 20.7112 0.0128
86.4402301627541 9.1009289359792 3336183780668174720 -0.3213 0.8828 20.4422 0.0102
86.4339236588456 9.0855242317158 3336183742011052288 -0.1427 0.1872 17.7296 0.0017
86.4482753916035 9.0811410501772 3336183707651312256 2.278 0.6155 19.7977 0.0059
86.4453759519349 9.0724723420096 3336183673291572096 0.6147 0.098 16.9903 0.0015
86.4468294694339 9.0784154782529 3336183707651311232 0.3722 0.2755 18.7374 0.0036
86.3915129604513 9.0793452147837 3336186563807002496 1.0049 1.0347 20.354 0.0105
86.4045845680893 9.0741792661164 3336186559509594624 2.0518 0.4559 19.1397 0.0042
86.401342452742 9.0983778054847 3336186662588818816 0.5 0.1795 17.9984 0.0021
86.3951742886707 9.0808282645438 3336186559509596544 0.7644 0.7071 19.7623 0.0065
86.3838690985842 9.0848959904458 3336186628229074560 0.0768 0.2021 17.8927 0.0019
86.4050021169309 9.0723442783232 3336186563805728256 1.4919 0.72 19.8525 0.007
86.3984401146374 9.0939797441714 3336186662589377920   20.6669 0.0116
86.4210034637392 9.0928661002258 3336186701245945216 1.6283 1.1568 20.6011 0.0112
86.4283646179217 9.0922728656062 3336186696948554624 0.9356 0.305 18.707 0.0031
86.4210950475345 9.109309633579 3336186800027777920 -0.1229 0.2858 18.7744 0.0032
86.4177939965923 9.1208317406392 3336186800027784576 -1.0451 0.4711 19.7004 0.0064
86.4300001620339 9.1083376728385 3336186731308301056 0.4237 0.1988 18.3154 0.0025
86.4043345379461 9.107979230631 3336186765668038912 0.4229 0.2522 18.4638 0.0028
86.4246315279283 9.1081286151955 3336186800027777152 0.3063 0.3942 19.3757 0.0047
86.4266607646462 9.1101859923579 3336186800027778944 0.5568 0.2733 18.6775 0.0032
86.4306996734351 9.1081842957503 3336186735605674880   21.0176 0.0203
86.4150962795691 9.0947419430514 3336186696948555776 1.0562 0.6768 20.021 0.0086
86.4174204965652 9.1056268144255 3336186804326182144   20.7101 0.0281
86.426457747372 9.0916035473115 3336186696948553984 0.6637 0.2056 17.6254 0.0018
86.3744596886536 9.1210572153077 3336186937466738176 0.8404 0.433 19.1227 0.0048
86.3806670816282 9.105535573315 3336186868747252352 0.3179 0.2577 18.5997 0.0031
86.3598756321199 9.1071843371162 3336186907403112960 -0.4734 1.1708 20.3122 0.0119
86.375169023495 9.0892253758424 3336186834387506688 0.9731 0.2071 18.2123 0.0026
86.3810584738006 9.0916842823069 3336186834387507584 0.3134 0.1589 17.889 0.0021
86.3618146912791 9.0971863757108 3336186907405326080 1.2835 0.1056 15.8379 0.001
86.361780368083 9.0976947466129 3336186907405325952 0.0534 0.0687 16.357 0.0009
86.3793864995802 9.1132710336128 3336186941765059456 0.1148 0.0556 15.2117 0.0007
86.3621169808578 9.1054346994378 3336186903106990464 0.7989 0.5244 19.4824 0.0051
86.3809498660634 9.110889582465 3336186937466732800 0.1433 0.2817 18.7096 0.0034
86.3713756046618 9.1186791648724 3336186937466736512 0.102 0.7084 19.7963 0.0079
86.3752093340924 9.107958918352 3336186937466730880 0.3987 0.193 18.1307 0.0024
86.3570254017098 9.1055567971892 3336186903106990592 0.9799 0.3962 19.348 0.0049
86.3747168783558 9.0986186068343 3336186834387510784 0.3776 0.1605 17.3961 0.0017
86.3676929753292 9.1000139261011 3336186907404386560 -0.3222 1.0442 20.3658 0.0108
86.3784961059429 9.1100131738921 3336186941762845824 -0.514 0.6636 19.8187 0.007
86.4018380830999 9.1098341197288 3336186976122577664 0.7057 0.5808 19.9785 0.007
86.4008887269661 9.1070260026336 3336186976122578304   20.4614 0.0187
86.3999427880012 9.120090556875 3336187010482312576 2.6097 0.4996 19.6638 0.0055
86.4004394340479 9.1073193820165 3336186976124796288 0.5265 0.0834 16.7148 0.0011
86.4120477785656 9.1225755630306 3336187010484531712 0.9056 0.0676 16.0629 0.0009
86.4095295925232 9.1213937866813 3336187010484532096 0.498 0.1597 17.2053 0.0014
86.3898757425278 9.1290197080529 3336187074905699072 0.3185 0.4609 19.5549 0.0044
86.3933408899228 9.1150633703974 3336186971826473088 -0.8953 0.5735 19.5582 0.0057
86.3830108697271 9.1278279405196 3336187040545959296 -0.1441 0.3575 18.8492 0.0037
86.3828107212697 9.126171726309 3336187040545956864 -0.5467 0.6367 19.7079 0.0058
86.3952394269465 9.1250132247642 3336187074905694848 0.2152 0.4757 19.7005 0.0057
86.4062257039799 9.1192819659059 3336187006186213632 -0.347 0.2856 18.897 0.0036
86.4007292579933 9.1201754980465 3336187006186214400 0.8087 0.5417 19.8536 0.0067
86.3952275078688 9.1179221600713 3336186971826474368 -0.1517 0.8083 19.9794 0.007
86.3921138549108 9.1228138793428 3336187044843327744 2.989 1.0162 20.5967 0.0118
86.3923344405535 9.1140798693436 3336186971827003008 1.4604 0.7587 19.8513 0.0068
86.3922339019064 9.125113405102 3336187044843326976 -0.3976 1.2681 20.6079 0.0105
86.3588673338958 9.1176436645925 3336187697678366208 -0.9285 1.3082 20.7701 0.0129
86.3465613659683 9.1210292006532 3336187732038107136   20.8633 0.0165
86.3529444935158 9.1189152990401 3336187663318629504 -0.367 0.939 20.3091 0.009
86.3654499058983 9.1243310095171 3336187697678362496 -0.2485 1.2506 20.6614 0.0134
86.352712980752 9.1195886645976 3336187663319568384 0.7635 0.1403 17.0923 0.0012
86.3542694640308 9.1061275531387 3336187663319569792 -0.9456 0.6525 19.8713 0.0071
86.3503181144383 9.1287981649504 3336187766398782848 0.3284 0.0455 15.2569 0.0006
86.3526829016291 9.1267346914948 3336187766398782720 0.8538 0.1793 18.2014 0.0023
86.3639752333174 9.1253967866651 3336187693383788800 -0.9418 0.7789 20.0594 0.0077
86.3468368709207 9.126200516133 3336187727740725120 3.6296 0.4158 18.6847 0.0139
86.3476540961332 9.1238969240326 3336187727740722944 -0.6919 0.4139 19.1812 0.0042
86.3637056108125 9.1266020642115 3336187697679303680 0.9493 0.2562 18.4648 0.0025
86.3655505733825 9.1251948907298 3336187697679380096   20.7786 0.0192
86.3394999321182 9.1236655262564 3336187732039045504   19.8924 0.0079
86.3631611314699 9.1295934503111 3336187697678361216   21.0112 0.0226
86.3656612140842 9.1285951199307 3336187693381529600 0.523 1.3657 20.7381 0.0118
86.3581218080845 9.1230979241984 3336187697677091584 -0.3638 0.8502 20.0779 0.0071
86.3705498909598 9.1296137828081 3336187800756301312 -1.1323 0.9662 20.4011 0.0104
86.3717449723885 9.1299555639639 3336187800757575040   20.9335 0.0185
86.3777302858574 9.1326943105194 3336187800757573120 -0.6158 1.1891 20.4453 0.01
86.3766829051344 9.1263690688655 3336187800758517760 0.5115 0.0558 15.5705 0.001
86.3744220457155 9.1281454906624 3336187796460203520 2.489 1.0387 20.0624 0.0097
86.3729711751253 9.1315846605494 3336187800757574528 0.2488 0.8756 20.2081 0.011
86.3719267779606 9.1263038062806 3336187800756301696 2.7767 1.2327 20.3137 0.011
